0 134 202 7 157 0.300000 0
1 228 109 5 154 0.300000 0
2 161 1 2 163 0.300000 0
3 9 80 4 148 0.700000 0
4 156 0 1 96 0.300000 0
5 40 15 7 105 0.400000 0
6 43 50 1 108 1.000000 0
7 139 67 8 123 0.400000 0
8 94 0 6 129 0.800000 0
9 153 12 1 130 0.300000 0
10 34 17 1 131 0.300000 0
11 83 3 3 131 0.800000 0
12 42 56 7 131 0.400000 0
13 68 3 7 130 0.700000 0
14 68 11 3 129 0.900000 0
15 108 2 5 131 0.500000 0
16 137 44 7 130 0.400000 0
17 98 196 2 128 0.300000 0
18 126 224 1 127 0.600000 0
19 160 208 4 117 0.600000 0
20 7 187 1 126 0.400000 0
21 9 2 3 155 0.500000 0
22 135 197 5 155 0.300000 0
23 46 109 6 153 0.300000 0
24 180 5 6 153 0.800000 0
25 217 72 2 184 0.600000 0
26 226 200 2 166 0.900000 0
27 223 129 6 116 0.900000 0
28 133 0 1 120 0.800000 0
29 201 148 1 123 0.300000 0
30 42 88 1 125 0.800000 0
31 133 28 2 98 0.900000 1
197 17 4 119 1.000000
163 119 1 131 0.900000
237 195 1 95 0.500000
240 13 1 49 0.500000
32 126 4 8 156 0.800000 0
33 2 3 1 158 0.800000 0
34 106 26 3 163 0.300000 0
35 10 67 3 145 0.600000 0
36 151 6 3 95 0.900000 0
37 168 72 4 104 0.400000 0
38 46 3 2 107 0.600000 0
39 37 41 2 121 0.800000 0
40 207 153 6 127 0.500000 0
41 77 11 3 129 0.800000 0
42 56 11 1 130 0.400000 0
43 224 110 5 129 0.400000 0
44 95 4 5 130 0.700000 0
45 106 29 8 127 0.300000 0
46 47 0 7 127 0.300000 0
47 225 115 5 130 0.500000 0
48 211 136 5 128 0.700000 0
49 93 198 6 127 0.300000 0
50 182 5 5 127 0.900000 0
51 198 183 5 120 0.300000 0
52 26 81 4 115 0.300000 0
53 161 211 1 154 0.700000 0
54 128 225 6 159 0.500000 0
55 119 60 7 156 0.300000 0
56 185 5 8 153 0.800000 0
57 191 1 1 153 0.900000 0
58 215 209 2 207 0.600000 0
59 213 2 1 126 0.900000 0
60 229 121 6 121 0.500000 0
61 106 28 1 125 0.300000 0
62 237 3 1 90 1.000000 0
63 96 184 6 48 0.500000 0
64 99 191 1 160 0.400000 0
65 193 236 2 162 0.300000 0
66 43 91 4 160 0.700000 0
67 12 175 4 144 0.700000 0
68 150 5 4 93 0.800000 0
69 195 170 2 102 0.800000 0
70 44 31 2 106 0.800000 0
71 204 163 3 119 0.900000 0
72 194 168 4 125 0.500000 0
73 231 82 3 126 0.800000 0
74 79 33 7 127 0.400000 0
75 113 4 7 128 0.800000 0
76 70 49 4 127 0.300000 0
77 99 10 1 127 0.800000 0
78 109 10 1 131 1.000000 0
79 201 204 6 125 0.600000 0
80 147 96 8 127 0.300000 0
81 37 20 5 126 0.400000 0
82 212 121 8 126 0.400000 0
83 49 7 3 120 0.400000 0
84 3 95 1 114 0.300000 0
85 165 237 1 145 0.500000 0
86 213 128 3 155 1.000000 0
87 223 96 5 154 0.800000 0
88 217 131 1 154 0.700000 0
89 146 19 5 147 0.600000 0
90 216 71 2 173 0.700000 0
91 186 39 4 188 1.000000 0
92 152 200 1 114 0.500000 0
93 237 3 1 87 1.000000 0
94 81 45 1 51 0.700000 0
95 153 75 4 49 0.300000 0
96 7 4 1 163 0.800000 0
97 2 23 1 137 0.600000 0
98 165 43 2 160 0.300000 0
99 12 177 4 146 0.700000 0
100 31 55 2 88 0.700000 0
101 46 102 7 100 0.300000 0
102 137 212 1 107 0.700000 0
103 127 149 6 120 0.300000 0
104 74 6 1 124 0.900000 0
105 138 18 3 126 0.400000 0
106 52 52 5 130 0.300000 0
107 85 20 1 129 0.800000 0
108 122 54 1 141 0.700000 0
109 111 79 8 159 0.300000 0
110 238 117 6 173 0.900000 0
111 116 24 1 180 1.000000 0
112 157 191 1 158 0.500000 0
113 140 21 1 124 0.900000 0
114 50 31 8 122 0.400000 0
115 120 152 3 116 0.400000 0
116 155 29 1 111 0.400000 0
117 33 5 2 142 0.800000 0
118 119 158 1 148 0.400000 0
119 229 169 4 149 0.600000 0
120 139 202 7 146 0.300000 0
121 206 139 1 141 0.500000 0
122 213 44 3 142 0.500000 0
123 223 70 2 206 0.800000 0
124 220 18 1 117 1.000000 1
221 20 1 150 0.800000
244 42 4 87 1.000000
220 26 1 187 1.000000
217 41 5 42 0.400000
125 125 60 6 46 0.500000 0
126 156 73 4 51 0.300000 0
127 70 29 2 47 0.400000 0
128 119 175 3 152 1.000000 0
129 4 33 1 103 0.700000 0
130 16 36 4 162 0.300000 0
131 19 40 1 144 0.600000 0
132 115 206 1 83 0.300000 0
133 79 24 2 98 0.300000 0
134 44 12 2 104 0.500000 0
135 210 144 4 115 0.500000 0
136 97 4 6 121 0.600000 0
137 169 189 4 126 0.400000 0
138 144 58 8 115 0.500000 0
139 74 52 1 126 0.500000 0
140 169 167 1 132 0.300000 0
141 100 28 1 145 0.600000 0
142 75 74 2 172 0.500000 0
143 109 61 2 186 0.500000 0
144 215 50 8 192 0.800000 0
145 127 27 1 183 1.000000 0
146 222 25 7 127 0.700000 1
109 152 7 108 0.300000
196 238 4 111 0.500000
153 192 1 181 0.900000
149 36 1 107 1.000000
147 149 198 7 108 0.400000 0
148 27 128 4 107 0.300000 0
149 35 105 1 148 0.900000 0
150 192 236 6 140 0.500000 0
151 124 178 1 139 0.800000 0
152 113 4 2 144 0.700000 0
153 3 2 1 142 0.300000 0
154 149 22 4 144 0.300000 0
155 210 28 1 141 1.000000 0
156 222 31 1 53 0.900000 0
157 131 232 2 49 0.900000 0
158 230 22 4 50 0.300000 0
159 216 37 4 58 1.000000 0
160 100 122 4 109 0.500000 0
161 4 64 2 102 0.800000 0
162 12 35 2 162 0.300000 0
163 10 178 3 142 0.600000 0
164 151 10 4 86 1.000000 0
165 192 9 4 99 0.500000 0
166 139 200 1 104 0.300000 0
167 81 32 2 115 0.500000 0
168 143 92 8 121 0.300000 0
169 230 133 8 112 0.300000 0
170 92 40 4 116 0.400000 0
171 147 74 1 121 0.500000 0
172 99 67 6 134 0.400000 0
173 208 138 4 141 1.000000 0
174 131 148 3 167 0.700000 0
175 159 49 7 184 0.300000 0
176 171 81 4 200 0.300000 0
177 140 72 1 206 0.300000 0
178 148 50 1 206 0.900000 0
179 185 98 7 105 1.000000 0
180 156 31 1 101 0.600000 0
181 18 2 4 149 0.300000 0
182 12 130 4 137 0.500000 0
183 183 40 1 90 0.800000 0
184 232 69 2 144 0.900000 0
185 85 2 8 143 0.700000 0
186 164 207 2 142 0.500000 0
187 219 57 4 60 1.000000 0
188 124 174 3 50 0.300000 0
189 226 233 4 49 0.300000 0
190 159 229 2 66 1.000000 0
191 233 186 8 130 0.600000 0
192 226 129 8 89 0.400000 0
193 3 85 2 102 0.800000 0
194 12 71 1 160 0.300000 0
195 10 176 4 143 0.600000 0
196 152 14 3 85 1.000000 0
197 174 0 7 99 0.600000 0
198 149 236 1 103 0.500000 0
199 167 2 7 115 0.400000 0
200 60 48 1 120 0.900000 0
201 65 32 3 111 0.400000 0
202 59 211 2 117 0.300000 0
203 146 19 8 132 1.000000 0
204 118 63 3 137 0.400000 0
205 106 143 8 134 0.300000 0
206 184 54 1 172 0.300000 0
207 146 67 1 193 0.600000 0
208 172 21 6 198 0.800000 0
209 230 27 6 203 0.500000 0
210 194 209 6 206 0.600000 0
211 159 199 1 201 0.800000 0
212 156 40 1 99 0.800000 1
243 129 3 74 1.000000
10 85 2 103 0.800000
99 152 2 124 1.000000
60 78 4 95 0.900000
213 18 25 3 148 0.300000 0
214 18 35 1 140 0.600000 0
215 0 40 3 53 0.800000 0
216 187 40 1 119 0.800000 0
217 46 89 5 145 0.500000 0
218 209 37 1 90 1.000000 0
219 192 234 7 50 0.300000 0
220 231 232 4 50 0.300000 0
221 215 42 4 52 0.500000 0
222 186 38 2 120 0.900000 0
223 232 140 1 157 0.300000 0
224 193 21 8 90 0.700000 0
225 4 101 2 101 0.700000 0
226 33 31 1 160 0.800000 0
227 10 176 4 143 0.600000 0
228 31 53 2 82 0.800000 0
229 111 3 6 97 0.800000 0
230 107 6 8 103 0.800000 0
231 205 69 4 119 0.600000 0
232 143 141 3 124 1.000000 0
233 234 214 8 110 0.300000 0
234 7 4 1 122 0.900000 0
235 109 65 1 130 0.900000 0
236 237 194 4 131 0.400000 0
237 162 201 7 166 0.400000 0
238 233 220 8 179 0.700000 0
239 45 93 7 188 0.700000 0
240 145 69 1 193 0.500000 0
241 120 48 1 198 0.800000 0
242 131 39 1 202 0.500000 0
243 195 18 6 207 0.700000 0
244 155 191 8 162 0.900000 1
177 224 1 207 1.000000
162 49 1 86 0.700000
90 246 7 213 0.300000
158 50 1 143 0.900000
245 12 90 1 146 0.500000 0
246 11 93 3 138 0.700000 0
247 162 187 3 68 1.000000 1
29 6 2 57 0.900000
58 32 7 40 1.000000
182 56 1 48 0.400000
166 198 3 129 1.000000
248 236 183 4 173 1.000000 1
166 196 3 95 1.000000
111 130 8 197 1.000000
103 239 4 190 0.800000
88 98 8 210 1.000000
249 170 162 5 213 0.600000 0
250 206 66 2 64 1.000000 0
251 67 33 1 52 0.500000 0
252 82 24 1 51 0.400000 0
253 218 68 1 96 1.000000 0
254 230 140 1 152 0.300000 0
255 125 45 3 158 0.300000 0
256 215 132 4 98 0.700000 0
257 4 101 2 107 0.600000 0
258 164 16 2 161 0.600000 0
259 10 63 3 148 0.700000 0
260 151 12 4 86 1.000000 0
261 217 121 8 100 0.700000 0
262 138 222 1 103 0.700000 0
263 50 85 2 137 0.900000 0
264 3 89 4 114 0.800000 0
265 94 61 1 108 0.400000 0
266 117 52 1 120 0.600000 0
267 90 53 1 128 0.900000 0
268 112 50 1 151 1.000000 0
269 110 75 8 167 0.300000 0
270 234 152 7 176 0.800000 0
271 105 229 8 176 0.300000 0
272 149 24 6 183 0.900000 0
273 216 97 8 191 0.800000 0
274 105 227 8 187 0.400000 0
275 145 21 3 197 0.500000 0
276 163 210 8 198 0.800000 0
277 123 16 8 164 0.900000 0
278 171 60 1 161 0.900000 1
135 151 1 147 0.700000
182 58 1 126 0.700000
129 25 3 176 0.800000
32 168 8 195 0.700000
279 234 56 5 192 1.000000 1
155 50 7 170 1.000000
109 233 5 194 0.600000
188 78 8 199 0.600000
14 1 8 204 0.800000
280 0 5 4 204 1.000000 0
281 160 217 2 212 0.600000 0
282 206 63 1 71 1.000000 0
283 90 8 5 47 1.000000 0
284 221 229 4 63 0.700000 0
285 239 140 5 147 1.000000 0
286 45 55 4 158 0.400000 0
287 206 138 1 155 0.400000 0
288 212 119 1 97 0.700000 0
289 3 78 2 108 0.600000 0
290 163 4 2 165 0.500000 0
291 11 177 3 151 0.700000 0
292 151 11 4 86 1.000000 0
293 43 74 4 98 0.600000 0
294 212 120 8 99 0.800000 0
295 52 81 2 145 1.000000 0
296 112 174 4 132 0.700000 0
297 70 66 1 107 0.500000 0
298 87 56 1 123 0.900000 0
299 105 235 8 139 0.400000 0
300 105 237 1 146 0.400000 0
301 68 134 1 156 0.300000 0
302 105 224 8 167 0.300000 0
303 159 73 2 171 0.500000 0
304 123 206 8 170 1.000000 0
305 140 68 3 177 0.500000 0
306 110 25 7 183 0.500000 0
307 143 113 7 178 0.300000 0
308 107 227 8 178 0.300000 0
309 168 72 1 193 1.000000 0
310 234 237 8 198 0.300000 0
311 137 230 2 200 0.700000 0
312 182 34 3 190 0.500000 0
313 193 67 1 187 1.000000 1
174 56 4 206 0.700000
231 196 1 213 0.800000
27 197 5 177 0.700000
202 72 1 151 1.000000
314 220 4 2 48 0.800000 0
315 239 28 5 50 0.300000 0
316 186 39 2 120 1.000000 0
317 194 197 7 157 0.400000 0
318 96 6 7 158 0.400000 0
319 70 5 4 155 0.800000 0
320 113 2 4 95 0.700000 0
321 4 77 1 109 0.600000 0
322 12 178 2 165 0.300000 0
323 19 45 2 151 0.700000 0
324 152 10 3 86 1.000000 0
325 230 113 6 96 0.300000 0
326 73 43 7 97 0.300000 0
327 200 59 4 148 0.700000 1
219 185 1 98 0.900000
146 133 3 193 1.000000
53 83 1 101 0.800000
100 65 4 199 1.000000
328 97 25 4 154 1.000000 0
329 69 73 1 116 1.000000 0
330 139 97 1 130 0.900000 0
331 216 207 5 135 0.300000 0
332 83 82 8 139 0.900000 0
333 153 55 6 145 0.300000 0
334 108 147 8 140 0.900000 0
335 110 224 7 148 0.600000 1
215 219 8 160 0.500000
88 60 1 161 1.000000
66 102 7 141 0.600000
166 62 5 131 0.700000
336 193 156 7 156 0.600000 0
337 190 160 8 155 0.700000 0
338 109 239 7 159 1.000000 0
339 155 163 8 177 0.300000 0
340 5 8 8 191 1.000000 0
341 197 192 3 195 0.300000 0
342 197 197 3 200 0.300000 0
343 163 204 2 201 0.300000 0
344 147 177 5 143 0.700000 1
159 49 2 170 0.400000
92 61 8 158 0.900000
216 27 7 130 1.000000
82 158 4 114 0.700000
345 155 191 6 122 1.000000 1
143 125 2 169 0.900000
204 74 1 95 1.000000
101 142 1 182 1.000000
102 152 1 41 0.300000
346 216 109 6 49 0.800000 0
347 225 212 4 79 0.800000 0
348 239 143 5 151 0.900000 0
349 122 156 3 157 0.300000 0
350 236 121 5 156 0.300000 0
351 144 9 6 155 0.300000 0
352 61 6 4 99 0.900000 0
353 4 84 2 114 0.600000 0
354 18 6 3 166 0.300000 0
355 19 39 1 154 0.600000 0
356 114 207 1 84 0.300000 0
357 127 201 1 97 0.400000 0
358 212 52 3 98 0.400000 0
359 201 62 3 143 0.700000 0
360 23 53 1 161 0.900000 0
361 206 218 4 122 0.300000 0
362 132 157 3 127 0.900000 0
363 83 56 8 128 0.400000 0
364 2 13 5 132 0.900000 0
365 184 73 1 117 0.600000 1
119 94 1 127 0.600000
107 237 8 124 0.500000
74 114 5 123 0.800000
101 237 1 96 0.900000
366 198 69 5 82 0.300000 1
159 129 8 105 0.400000
55 247 5 86 0.800000
216 205 8 78 0.900000
177 205 3 60 0.300000
367 168 146 5 105 0.800000 1
187 224 1 133 1.000000
156 177 5 104 0.700000
77 196 8 99 0.900000
203 238 2 85 0.900000
368 60 132 1 82 0.500000 1
80 172 5 87 0.600000
115 84 3 80 0.700000
66 169 3 89 0.800000
90 149 2 71 0.700000
369 214 236 4 70 1.000000 1
83 109 1 57 0.700000
117 103 1 54 1.000000
190 98 8 45 0.700000
186 95 4 127 0.900000
370 235 53 5 163 1.000000 1
181 101 4 124 1.000000
108 235 5 176 0.700000
107 231 8 167 1.000000
197 60 1 185 1.000000
371 149 196 7 192 0.300000 0
372 171 20 3 192 0.300000 0
373 226 1 1 196 1.000000 0
374 158 193 2 163 0.700000 0
375 168 103 6 122 0.700000 1
158 193 2 149 0.800000
220 15 6 103 0.800000
199 119 5 101 0.800000
167 153 8 134 0.800000
376 210 16 6 135 1.000000 1
1 193 3 100 0.800000
160 122 8 171 0.800000
193 47 6 176 1.000000
222 30 1 94 0.900000
377 223 28 1 62 1.000000 0
378 126 151 2 50 0.600000 0
379 216 80 1 121 0.900000 0
380 220 92 1 159 0.900000 0
381 58 5 4 158 0.600000 0
382 121 3 2 154 0.500000 0
383 216 130 1 153 0.400000 0
384 194 212 1 104 0.600000 0
385 3 79 2 110 0.600000 0
386 18 21 3 165 0.300000 0
387 19 46 2 155 0.600000 0
388 11 235 2 82 0.300000 0
389 38 63 1 96 0.600000 0
390 195 22 4 99 0.700000 0
391 201 79 3 113 0.900000 0
392 157 202 4 182 1.000000 1
142 65 2 195 1.000000
145 86 6 158 0.500000
153 126 3 198 1.000000
53 162 2 176 0.800000
393 189 229 7 126 0.600000 1
91 152 4 126 0.500000
198 239 7 127 0.800000
81 213 3 123 0.500000
118 39 7 126 0.800000
394 93 47 8 123 0.400000 0
395 230 226 1 124 0.500000 0
396 112 189 8 98 0.900000 1
111 224 6 121 0.600000
127 105 4 107 0.900000
70 186 8 86 0.900000
74 120 8 79 0.500000
397 234 127 5 67 1.000000 1
62 132 1 72 0.400000
82 193 6 63 0.800000
184 41 7 59 0.500000
68 230 2 75 0.900000
398 39 211 1 58 0.900000 1
64 49 1 51 0.500000
199 83 4 78 0.400000
240 134 5 43 0.500000
65 152 1 61 1.000000
399 78 221 3 73 0.700000 1
162 125 5 71 0.500000
84 147 3 91 0.700000
72 32 8 59 1.000000
84 210 2 69 0.500000
400 124 127 1 88 0.800000 1
71 166 1 72 0.900000
57 66 1 76 1.000000
65 105 4 92 1.000000
203 49 4 112 1.000000
401 146 40 7 168 0.500000 1
120 122 4 130 1.000000
247 40 5 175 0.800000
213 36 8 177 0.700000
129 65 7 190 0.800000
402 42 99 4 181 0.500000 0
403 150 89 8 180 0.700000 0
404 154 91 1 187 0.500000 0
405 215 5 6 109 1.000000 1
182 62 4 149 1.000000
175 93 1 101 1.000000
78 161 6 87 0.500000
95 164 6 99 0.900000
406 113 139 1 135 1.000000 1
203 78 3 115 0.300000
108 21 1 154 0.600000
58 204 4 121 0.600000
12 26 1 150 0.800000
407 141 38 6 150 1.000000 1
49 115 6 166 0.800000
235 243 5 180 0.600000
157 56 6 172 1.000000
187 55 4 82 1.000000
408 222 29 1 60 0.900000 0
409 148 3 2 50 0.500000 0
410 224 219 4 66 0.700000 0
411 190 224 6 150 0.400000 0
412 210 56 3 163 0.300000 0
413 184 17 7 160 0.500000 0
414 203 144 7 156 0.300000 0
415 83 34 3 153 0.300000 0
416 120 5 5 104 0.900000 0
417 27 95 4 104 0.500000 0
418 12 96 1 165 0.400000 0
419 19 41 1 156 0.600000 0
420 152 7 4 82 1.000000 0
421 77 53 6 97 0.300000 0
422 98 30 2 100 0.300000 0
423 192 197 8 108 0.600000 0
424 56 80 1 170 1.000000 1
204 64 3 164 0.700000
79 127 1 189 0.900000
205 58 4 157 0.700000
177 215 2 169 0.600000
425 62 32 3 117 0.800000 0
426 101 227 8 122 0.300000 0
427 112 178 3 87 1.000000 1
163 136 6 118 0.600000
87 157 4 89 0.400000
29 153 2 77 1.000000
88 127 2 64 1.000000
428 151 185 5 63 0.300000 0
429 140 185 7 64 0.700000 1
33 158 4 54 0.700000
46 134 7 72 0.400000
80 105 7 68 1.000000
46 181 3 62 1.000000
430 61 229 4 63 1.000000 1
41 196 3 64 1.000000
221 239 7 49 0.400000
61 59 2 89 0.900000
41 200 4 48 0.900000
431 211 236 4 76 0.700000 1
177 132 8 57 0.500000
119 129 4 73 0.500000
222 32 4 56 0.800000
79 174 8 118 0.700000
432 124 101 1 144 0.800000 1
29 232 4 100 0.600000
108 129 1 154 0.900000
133 134 5 142 0.700000
111 97 2 180 0.400000
433 184 37 3 176 0.300000 0
434 229 229 1 172 0.400000 0
435 233 138 1 187 0.400000 0
436 42 19 6 198 0.800000 0
437 5 188 4 106 1.000000 1
10 160 3 130 1.000000
48 165 6 78 1.000000
166 106 1 156 0.700000
5 181 3 61 1.000000
438 194 131 2 118 0.700000 1
161 55 4 103 0.400000
137 135 3 147 0.700000
111 87 6 72 0.800000
199 144 1 149 1.000000
439 206 64 1 55 0.400000 0
440 204 138 4 56 0.800000 0
441 189 23 5 47 0.900000 0
442 220 212 4 101 0.700000 0
443 215 100 1 155 1.000000 0
444 186 7 6 162 0.500000 0
445 116 6 5 161 0.400000 0
446 231 99 1 158 0.800000 0
447 50 37 4 154 0.400000 0
448 214 53 5 101 0.600000 0
449 27 105 4 102 0.500000 0
450 11 164 1 165 0.300000 0
451 12 172 4 157 0.700000 0
452 152 9 4 86 1.000000 0
453 91 34 1 101 0.400000 0
454 41 110 1 104 1.000000 0
455 86 174 1 115 0.300000 0
456 59 107 1 132 1.000000 1
177 207 4 127 0.700000
181 108 1 157 1.000000
49 165 4 117 0.600000
84 228 1 127 0.900000
457 109 125 4 122 0.300000 0
458 115 101 8 81 0.600000 1
130 84 7 114 0.400000
57 131 1 69 0.300000
108 235 4 77 0.700000
40 168 3 62 0.700000
459 54 50 2 56 0.600000 1
77 145 1 52 0.800000
31 213 1 64 0.500000
67 238 3 48 0.900000
83 173 3 61 0.400000
460 64 41 1 54 0.800000 0
461 88 143 2 65 0.300000 1
68 183 2 54 0.400000
92 115 7 82 1.000000
111 114 4 56 0.400000
171 196 2 68 0.700000
462 108 105 1 75 1.000000 1
61 56 3 84 1.000000
187 100 8 47 0.800000
59 100 1 56 0.700000
161 61 3 113 1.000000
463 239 43 1 158 0.600000 1
80 174 4 128 0.600000
244 0 8 171 0.900000
185 95 8 157 0.400000
150 168 6 178 0.300000
464 9 226 1 169 0.400000 0
465 224 224 1 165 0.300000 0
466 114 173 2 171 0.400000 0
467 148 13 3 196 0.800000 0
468 49 19 2 206 0.500000 0
469 24 236 2 142 1.000000 1
12 160 3 185 0.700000
187 225 5 77 0.900000
118 225 3 201 1.000000
170 113 1 104 0.500000
470 27 232 3 87 1.000000 1
208 98 2 49 0.500000
180 229 4 136 0.800000
170 72 8 43 0.600000
55 83 1 120 0.900000
471 142 142 4 60 0.600000 0
472 228 102 7 57 1.000000 0
473 205 72 4 53 0.400000 0
474 229 153 1 140 1.000000 0
475 231 157 6 157 0.900000 0
476 136 223 5 154 0.900000 0
477 157 3 8 152 0.300000 0
478 234 106 1 152 1.000000 0
479 148 21 1 152 0.300000 0
480 172 7 4 100 0.500000 0
481 27 58 4 102 0.500000 0
482 10 81 2 165 0.400000 0
483 12 179 4 158 0.700000 0
484 30 136 2 86 0.500000 0
485 193 169 2 101 0.600000 0
486 43 46 1 104 0.900000 0
487 149 36 3 125 0.300000 0
488 121 125 6 108 1.000000 1
90 161 5 121 1.000000
153 191 4 100 0.800000
165 94 7 119 0.700000
140 84 6 91 0.900000
489 234 191 1 100 0.400000 1
87 223 8 133 1.000000
220 29 1 94 0.400000
214 224 3 101 1.000000
80 160 5 73 0.500000
490 179 83 8 73 0.500000 1
64 164 2 69 0.800000
218 78 1 72 0.800000
72 157 2 69 0.900000
188 162 4 81 1.000000
491 160 131 4 55 0.300000 1
208 224 7 44 0.900000
39 172 5 67 0.500000
69 140 2 53 1.000000
77 149 4 56 0.500000
492 203 83 3 53 0.600000 1
217 73 4 47 0.600000
170 65 7 60 0.900000
214 28 4 60 0.800000
239 14 6 45 0.900000
493 215 0 3 60 1.000000 1
43 179 3 59 0.800000
110 105 2 53 0.900000
97 239 7 65 1.000000
210 47 4 65 1.000000
494 139 117 6 144 1.000000 1
90 163 4 93 0.900000
107 137 4 152 0.900000
109 137 4 148 0.700000
188 47 2 181 0.300000
495 138 41 6 172 1.000000 1
188 233 6 171 1.000000
224 169 1 176 0.500000
135 119 7 173 0.500000
151 46 2 170 0.800000
496 132 22 2 139 0.900000 1
141 117 3 178 0.900000
137 120 3 125 1.000000
51 208 6 126 1.000000
222 195 7 126 0.600000
497 193 227 1 123 0.900000 1
224 171 7 129 0.900000
222 218 6 150 0.800000
8 246 8 126 1.000000
126 136 1 89 1.000000
498 237 183 3 158 0.500000 0
499 192 197 5 187 0.800000 0
500 132 31 2 182 0.900000 0
501 163 118 1 121 0.800000 1
192 47 7 195 0.700000
152 156 3 100 1.000000
88 108 5 99 0.900000
6 228 8 91 0.800000
502 29 236 3 68 1.000000 1
8 118 4 41 0.400000
178 132 1 101 1.000000
127 22 8 48 0.300000
178 141 1 80 1.000000
503 206 54 1 79 0.600000 0
504 221 149 4 55 0.300000 0
505 222 217 4 82 0.700000 0
506 188 220 6 150 0.400000 0
507 231 85 6 157 0.800000 0
508 126 147 1 158 0.400000 0
509 219 90 6 152 0.500000 0
510 133 143 7 149 0.300000 0
511 139 99 7 141 0.500000 0
512 109 5 7 97 0.700000 0
513 28 123 4 93 0.700000 0
514 19 47 3 166 0.400000 0
515 9 176 4 160 0.500000 0
516 30 54 1 86 0.800000 0
517 237 113 2 100 0.400000 0
518 203 213 2 105 1.000000 1
122 77 7 96 0.300000
173 203 3 123 0.500000
58 129 1 89 0.400000
202 75 3 112 0.800000
519 197 42 1 148 0.900000 1
208 243 5 152 0.800000
203 48 1 150 0.400000
112 114 5 166 0.700000
205 50 1 125 0.900000
520 237 190 5 82 0.600000 1
204 230 7 125 0.600000
167 128 2 67 1.000000
198 88 5 68 0.700000
196 86 8 67 0.400000
521 55 109 8 71 0.500000 1
76 189 3 70 0.800000
68 121 8 86 0.700000
68 128 5 62 0.700000
63 120 7 64 0.300000
522 181 183 4 76 0.700000 1
0 239 2 91 1.000000
31 180 1 58 1.000000
114 221 1 108 0.600000
42 190 3 48 0.600000
523 176 112 4 54 0.500000 1
55 144 2 64 1.000000
215 76 3 44 1.000000
94 228 6 44 1.000000
52 206 2 63 1.000000
524 62 224 8 54 0.600000 1
191 88 7 72 0.800000
95 139 6 54 0.500000
213 62 3 45 1.000000
83 236 6 44 0.700000
525 223 63 1 101 1.000000 1
94 165 4 42 0.500000
85 167 4 127 1.000000
53 135 8 79 0.700000
182 63 5 155 0.500000
526 158 201 2 184 0.900000 0
527 185 47 4 101 0.700000 1
169 203 2 161 0.800000
242 38 4 70 1.000000
119 131 1 108 0.500000
85 109 2 65 0.800000
528 69 144 6 70 0.800000 1
83 236 5 55 0.900000
242 132 5 54 1.000000
76 247 4 89 1.000000
92 166 4 80 1.000000
529 218 25 7 116 0.800000 1
224 27 7 82 0.600000
218 35 6 69 0.800000
200 71 4 197 0.400000
141 122 5 116 0.900000
530 98 23 1 129 1.000000 0
531 61 91 3 181 0.600000 1
28 139 3 171 0.400000
187 130 8 199 0.400000
151 149 2 177 0.500000
181 85 5 177 1.000000
532 156 41 6 90 0.900000 1
217 236 5 120 0.900000
247 191 1 68 0.600000
127 122 2 83 0.600000
83 170 4 88 0.700000
533 222 25 2 73 0.700000 0
534 46 68 2 62 1.000000 1
190 147 4 48 0.400000
178 143 1 77 0.900000
62 46 7 46 0.500000
181 174 1 77 1.000000
535 28 231 2 94 0.900000 1
184 135 1 119 0.900000
50 245 1 61 0.400000
183 173 4 127 0.900000
65 158 1 68 0.400000
536 87 11 8 51 0.900000 0
537 218 214 4 109 0.900000 0
538 207 126 1 155 0.700000 0
539 203 157 5 152 0.700000 0
540 217 124 1 153 0.600000 0
541 190 14 5 150 0.600000 0
542 152 200 7 145 0.500000 0
543 238 124 1 138 0.700000 0
544 112 169 3 95 0.300000 0
545 28 21 3 85 1.000000 0
546 19 34 4 167 0.400000 0
547 10 85 4 164 0.800000 0
548 152 9 3 93 1.000000 0
549 143 187 1 108 0.400000 1
69 210 8 109 0.300000
179 127 4 91 0.900000
168 1 1 108 0.800000
77 240 4 125 0.600000
550 203 5 7 115 0.900000 1
235 52 5 105 0.900000
68 178 1 143 1.000000
84 142 6 128 0.800000
91 129 7 83 1.000000
551 184 98 1 79 1.000000 1
103 144 5 130 1.000000
89 216 5 65 0.800000
171 136 2 55 0.900000
124 125 4 66 0.500000
552 198 51 1 82 0.400000 1
59 245 7 81 1.000000
67 106 1 69 0.700000
71 217 7 102 1.000000
107 213 4 76 1.000000
553 63 209 1 74 0.800000 1
41 177 3 64 0.800000
67 163 4 81 0.500000
143 169 6 62 0.800000
31 198 3 90 0.700000
554 198 60 2 90 0.400000 1
181 221 1 110 0.500000
86 150 2 72 0.700000
67 191 1 101 1.000000
85 200 1 77 1.000000
555 226 31 5 47 0.500000 0
556 159 170 4 59 1.000000 0
557 214 85 1 164 0.800000 1
84 166 4 135 1.000000
244 196 5 179 0.700000
159 167 4 164 0.800000
147 43 2 180 1.000000
558 239 192 5 133 0.800000 1
163 94 5 177 1.000000
57 101 3 121 1.000000
170 196 2 102 0.900000
26 235 3 131 0.300000
559 112 142 6 144 0.600000 0
560 6 27 6 143 0.600000 0
561 166 160 5 156 0.700000 1
219 204 7 158 0.900000
38 142 3 149 1.000000
130 141 1 162 0.900000
68 84 2 157 0.600000
562 94 181 4 129 0.700000 0
563 0 212 1 183 0.500000 0
564 111 105 6 139 0.300000 1
41 136 3 133 0.600000
137 132 6 133 0.700000
160 138 1 156 0.700000
158 137 1 134 0.500000
565 159 127 1 86 0.600000 1
87 155 8 88 0.600000
170 124 7 63 0.600000
133 174 1 110 0.800000
8 205 1 82 0.400000
566 90 189 3 58 1.000000 0
567 25 238 1 102 0.800000 1
184 168 4 135 1.000000
194 146 4 69 0.400000
183 160 4 147 0.700000
51 111 4 59 1.000000
568 88 198 3 52 0.500000 0
569 156 150 4 138 0.400000 0
570 198 169 2 152 0.800000 0
571 172 22 1 150 0.300000 0
572 199 200 6 148 0.300000 0
573 226 128 5 140 0.800000 0
574 218 67 5 159 0.500000 0
575 191 158 5 183 0.400000 0
576 45 25 7 80 0.800000 0
577 28 103 4 75 0.800000 0
578 11 169 1 164 0.400000 0
579 11 64 4 163 0.700000 0
580 30 139 1 91 0.500000 0
581 60 53 5 117 0.500000 1
60 53 5 120 0.500000
181 129 6 132 0.500000
68 56 2 108 0.900000
181 59 1 109 0.500000
582 185 231 6 92 0.700000 1
178 88 1 108 0.800000
223 232 5 79 0.900000
66 130 8 94 1.000000
59 138 6 85 0.800000
583 116 15 5 86 0.800000 1
82 70 5 66 0.800000
70 247 2 100 0.900000
78 190 6 76 0.600000
177 106 1 100 0.800000
584 154 176 1 66 0.700000 1
123 120 5 100 1.000000
47 124 4 46 1.000000
209 92 3 69 0.900000
133 113 4 49 0.600000
585 200 79 6 62 0.400000 1
220 35 6 56 0.600000
184 163 8 87 0.500000
81 64 8 48 0.800000
106 95 1 58 1.000000
586 176 52 4 87 0.700000 1
206 232 7 92 0.800000
61 135 5 99 1.000000
63 53 2 51 0.500000
85 217 6 107 0.500000
587 227 43 3 56 1.000000 0
588 153 165 4 118 1.000000 1
99 155 4 62 0.700000
161 54 3 136 0.500000
199 80 4 99 0.700000
160 166 4 175 0.900000
589 158 190 6 113 0.900000 1
182 95 5 188 0.600000
102 150 1 85 1.000000
100 149 1 116 1.000000
209 195 8 63 1.000000
590 110 156 1 121 0.600000 0
591 158 230 1 154 0.700000 0
592 170 4 1 174 0.900000 0
593 160 214 3 162 0.900000 0
594 45 16 4 134 1.000000 0
595 20 133 4 183 0.800000 0
596 7 177 3 152 0.300000 0
597 11 131 3 105 0.700000 0
598 177 115 3 53 0.300000 0
599 180 236 1 103 0.900000 1
110 206 4 154 0.800000
49 245 4 51 0.800000
186 167 1 149 0.800000
207 55 1 58 0.500000
600 204 63 4 73 0.500000 0
601 187 219 6 150 0.400000 0
602 79 48 4 151 0.300000 0
603 179 16 1 146 0.600000 0
604 189 197 6 141 0.500000 0
605 234 43 1 159 0.600000 0
606 236 67 5 194 1.000000 0
607 160 228 6 196 0.400000 0
608 121 149 4 76 0.400000 0
609 28 104 4 67 0.900000 0
610 12 175 2 162 0.500000 0
611 11 72 4 161 0.700000 0
612 183 47 1 96 0.400000 1
186 143 2 81 0.300000
35 177 2 109 0.900000
129 125 5 86 0.400000
80 177 8 107 0.400000
613 198 63 1 104 0.300000 1
58 245 7 125 0.800000
214 226 4 89 1.000000
85 111 3 117 0.600000
171 151 1 85 0.800000
614 106 41 4 87 0.900000 1
193 87 8 105 0.500000
83 194 6 73 0.900000
61 50 1 96 0.600000
80 176 5 73 0.300000
615 31 218 4 97 0.600000 1
82 200 3 86 0.500000
198 138 1 114 0.900000
62 55 1 81 0.900000
9 197 1 108 1.000000
616 31 227 2 67 0.700000 1
43 178 2 78 1.000000
124 111 2 53 0.300000
135 121 5 84 1.000000
171 99 6 51 0.600000
617 29 208 4 59 0.500000 1
211 83 1 40 0.500000
84 226 4 70 0.700000
62 235 3 44 1.000000
77 234 3 82 0.800000
618 76 164 5 95 0.700000 1
184 43 2 72 0.700000
209 239 2 139 0.800000
55 132 3 103 0.700000
55 132 1 67 0.500000
619 91 160 4 72 1.000000 1
75 183 3 86 0.800000
156 189 7 46 0.700000
76 122 4 39 0.500000
88 158 5 118 0.800000
620 213 225 1 132 1.000000 1
200 115 1 136 1.000000
168 202 2 170 1.000000
54 125 5 153 1.000000
205 73 1 70 0.900000
621 100 156 1 59 0.600000 1
37 198 1 39 0.800000
173 145 2 71 1.000000
51 108 1 42 0.700000
30 30 2 82 0.900000
622 10 165 2 118 0.300000 0
623 118 155 1 145 0.900000 0
624 123 149 1 160 0.700000 0
625 166 230 3 150 1.000000 0
626 127 154 4 128 0.900000 0
627 24 230 3 175 0.700000 0
628 158 142 1 150 0.400000 0
629 163 148 1 86 0.900000 0
630 54 76 3 55 0.400000 0
631 0 220 4 108 0.900000 1
203 63 3 136 0.500000
179 142 4 73 1.000000
3 214 1 125 1.000000
181 109 1 96 1.000000
632 163 106 3 98 0.600000 0
633 170 228 3 155 0.400000 0
634 49 106 8 150 0.300000 0
635 237 151 6 146 0.400000 0
636 218 147 1 141 0.800000 0
637 189 36 2 190 0.500000 0
638 231 157 1 201 1.000000 0
639 10 1 3 205 0.400000 0
640 131 70 7 77 0.300000 0
641 3 156 1 82 0.700000 0
642 163 40 2 163 0.400000 0
643 11 87 4 163 0.700000 0
644 30 101 2 90 0.700000 0
645 10 205 3 94 0.500000 1
73 147 2 110 0.500000
53 244 1 80 0.700000
42 201 2 119 0.800000
10 211 3 67 0.500000
646 187 81 5 81 0.400000 1
147 165 8 93 1.000000
200 83 4 78 0.600000
116 132 8 77 0.800000
78 189 2 74 0.800000
647 99 163 2 88 0.800000 1
42 175 1 75 1.000000
49 180 2 98 1.000000
78 30 3 77 1.000000
74 222 6 101 0.800000
648 197 69 2 91 0.500000 1
179 217 1 117 0.600000
179 210 1 51 0.400000
67 119 1 115 0.800000
245 190 7 81 0.700000
649 74 177 2 64 0.600000 1
67 176 6 65 0.900000
86 172 6 44 0.400000
153 168 6 100 1.000000
163 135 8 49 0.700000
650 105 112 5 85 0.800000 1
82 164 1 81 0.800000
88 149 8 47 0.300000
137 128 7 81 0.600000
185 42 6 131 0.900000
651 210 25 8 125 0.800000 1
204 233 2 76 1.000000
106 21 2 171 0.800000
82 193 2 116 1.000000
97 150 1 139 1.000000
652 168 192 6 65 0.900000 0
653 52 75 1 71 0.600000 0
654 162 216 2 119 0.800000 0
655 113 146 1 139 0.400000 0
656 151 210 1 151 0.300000 0
657 118 224 3 150 1.000000 0
658 208 197 1 131 0.900000 1
75 200 2 122 0.500000
187 162 7 108 0.700000
123 183 5 140 0.400000
145 163 1 154 1.000000
659 148 187 3 162 0.500000 1
133 187 1 119 0.800000
154 157 1 177 0.700000
64 95 3 172 1.000000
169 143 1 181 0.400000
660 163 221 3 139 0.900000 0
661 160 171 1 56 0.800000 0
662 58 66 1 62 0.300000 0
663 0 209 1 103 0.900000 1
1 212 1 106 1.000000
8 226 1 102 1.000000
206 64 3 89 0.700000
27 241 2 113 0.800000
664 169 213 3 130 0.500000 0
665 136 205 3 152 0.300000 0
666 239 78 1 148 0.900000 0
667 206 141 1 144 0.900000 0
668 5 157 1 157 0.600000 0
669 188 18 8 199 1.000000 0
670 42 5 2 206 0.300000 0
671 65 10 5 208 0.500000 0
672 196 207 6 66 0.900000 0
673 4 80 2 87 1.000000 0
674 163 12 2 166 0.500000 0
675 18 49 1 165 0.600000 0
676 94 153 4 93 0.400000 1
29 10 1 86 0.900000
157 179 4 95 0.600000
180 212 3 87 0.400000
95 124 2 106 1.000000
677 179 189 4 92 0.800000 1
51 164 1 119 0.900000
133 114 8 73 0.900000
57 240 3 116 0.800000
87 199 4 62 0.800000
678 230 207 1 68 0.600000 1
34 198 1 82 1.000000
81 139 8 63 0.500000
169 128 2 64 0.700000
33 177 3 64 0.400000
679 207 237 2 83 0.300000 1
64 220 1 71 0.700000
192 76 3 81 0.900000
53 187 1 90 0.800000
130 102 6 90 0.400000
680 49 119 2 96 0.800000 1
138 130 4 87 0.500000
157 171 2 114 0.700000
49 163 6 79 1.000000
162 135 4 103 1.000000
681 130 87 5 99 0.800000 1
225 25 1 77 0.700000
76 116 8 75 1.000000
176 91 8 92 0.900000
182 229 3 153 0.500000
682 98 139 1 145 0.700000 1
72 220 2 133 0.900000
102 144 1 155 0.700000
151 181 1 182 1.000000
101 153 4 112 0.600000
683 94 151 1 77 0.700000 1
80 179 4 111 0.600000
186 54 8 60 1.000000
200 84 1 83 0.800000
169 156 3 56 0.800000
684 61 144 4 54 0.300000 0
685 51 75 2 71 0.600000 1
111 44 3 47 0.500000
79 127 2 102 0.500000
187 147 1 52 0.400000
177 175 4 84 1.000000
686 12 188 1 116 0.400000 0
687 169 236 1 135 0.400000 0
688 171 27 5 136 0.700000 0
689 12 155 7 134 0.500000 0
690 200 47 5 147 0.400000 1
49 121 2 151 0.800000
182 212 1 187 0.400000
180 55 5 124 0.600000
161 44 8 127 1.000000
691 162 105 6 158 0.500000 1
131 170 8 191 0.700000
109 151 4 179 0.700000
155 134 6 133 0.800000
12 247 6 127 0.600000
692 213 82 4 102 0.900000 0
693 2 43 2 53 0.300000 0
694 12 173 3 66 0.300000 0
695 199 60 3 98 0.600000 1
54 81 2 68 0.900000
182 198 4 127 0.700000
208 62 3 58 0.600000
181 174 3 138 0.500000
696 113 163 2 148 0.600000 0
697 149 5 1 150 0.400000 0
698 185 14 7 146 0.400000 0
699 33 24 3 142 0.300000 0
700 7 163 1 167 0.700000 0
701 220 89 1 207 0.500000 0
702 190 18 8 208 0.300000 0
703 56 13 5 211 0.400000 0
704 120 147 8 56 0.400000 0
705 5 174 1 89 0.600000 0
706 10 93 1 167 0.400000 0
707 19 48 2 166 0.500000 0
708 119 125 5 101 0.500000 1
196 85 5 112 0.500000
156 180 4 98 0.700000
29 14 2 81 1.000000
61 52 4 113 0.900000
709 184 154 4 88 0.600000 1
244 39 8 110 0.500000
60 157 1 72 1.000000
215 87 4 84 0.600000
60 59 4 84 0.900000
710 180 161 2 61 0.300000 1
69 222 8 48 0.400000
53 247 1 72 0.800000
55 93 2 56 0.500000
110 97 2 66 1.000000
711 59 57 1 106 0.900000 1
183 166 2 108 1.000000
115 84 1 86 0.500000
60 59 1 123 0.800000
46 138 7 105 0.800000
712 202 236 6 98 0.400000 1
121 119 3 100 0.900000
69 216 8 81 0.800000
114 109 7 89 0.600000
78 122 6 122 0.900000
713 182 115 3 141 0.800000 1
108 239 1 128 1.000000
60 102 2 156 0.800000
72 204 8 129 1.000000
179 121 2 153 0.700000
714 189 84 1 115 1.000000 1
87 154 4 134 0.800000
196 86 1 120 0.900000
103 141 1 147 1.000000
186 53 8 59 0.800000
715 31 2 4 51 0.800000 0
716 238 110 6 54 0.700000 0
717 113 211 2 66 0.400000 0
718 110 169 1 94 0.900000 0
719 115 174 1 124 0.300000 0
720 119 138 8 139 0.300000 0
721 91 24 5 127 0.500000 0
722 58 68 5 141 0.400000 0
723 112 234 4 141 1.000000 1
93 238 4 157 1.000000
178 202 2 141 0.700000
193 59 1 143 0.900000
133 29 6 122 1.000000
724 195 105 4 59 1.000000 0
725 40 238 1 54 0.700000 0
726 171 147 3 75 0.300000 0
727 201 58 3 103 0.600000 1
30 58 3 55 1.000000
177 152 2 147 0.600000
60 169 8 56 0.500000
49 180 2 153 0.700000
728 31 6 2 152 0.500000 0
729 38 67 5 152 0.800000 0
730 59 24 4 147 0.600000 0
731 163 18 3 139 0.400000 0
732 20 60 3 178 1.000000 0
733 57 9 6 211 0.600000 0
734 131 238 6 211 0.900000 0
735 192 191 2 208 0.300000 0
736 211 57 8 48 0.600000 0
737 159 140 4 97 0.800000 0
738 10 73 1 163 0.500000 0
739 18 41 1 165 0.600000 0
740 4 202 4 89 0.400000 1
9 60 3 81 0.900000
49 208 2 104 0.800000
29 61 2 80 0.900000
45 157 1 90 0.900000
741 56 72 4 70 0.400000 1
74 91 4 78 1.000000
58 60 4 71 0.500000
60 168 3 57 0.500000
52 189 4 75 0.800000
742 175 121 3 56 0.300000 0
743 183 145 2 105 0.700000 1
59 67 2 116 0.900000
80 236 3 119 0.500000
185 162 1 111 0.800000
190 149 2 73 0.800000
744 126 170 8 114 1.000000 1
107 94 2 110 0.800000
152 183 3 106 0.500000
27 191 5 118 0.400000
53 142 3 124 1.000000
745 124 88 2 117 0.900000 1
76 205 3 103 1.000000
153 156 1 156 1.000000
112 209 1 122 0.900000
60 146 2 87 0.900000
746 221 33 5 56 0.800000 0
747 104 200 3 55 0.300000 0
748 2 1 2 51 0.700000 0
749 212 59 2 56 0.500000 0
750 61 128 3 64 0.300000 0
751 116 177 1 95 0.900000 0
752 194 198 4 131 1.000000 0
753 127 145 8 150 0.900000 0
754 103 20 3 163 0.300000 0
755 178 229 2 104 0.800000 0
756 154 31 2 54 0.500000 0
757 46 81 2 59 0.400000 0
758 175 179 3 80 0.300000 0
759 202 57 3 107 0.600000 1
62 221 3 56 0.700000
173 178 1 158 0.900000
182 130 1 60 0.500000
173 183 2 155 0.900000
760 204 180 3 150 0.700000 0
761 39 34 8 150 0.400000 0
762 148 5 2 147 0.500000 0
763 33 58 4 134 0.700000 0
764 20 98 3 187 1.000000 0
765 129 211 7 212 0.500000 0
766 223 128 5 209 0.700000 0
767 238 179 1 191 0.900000 0
768 225 219 7 58 0.600000 0
769 62 72 4 75 0.800000 0
770 12 187 1 160 0.400000 0
771 20 184 1 165 0.400000 0
772 192 86 1 104 0.700000 1
194 84 5 116 1.000000
63 121 5 113 0.800000
122 127 5 99 1.000000
55 189 3 87 1.000000
773 148 141 1 58 0.400000 0
774 139 187 5 59 0.900000 0
775 59 91 1 99 0.800000 1
58 84 2 115 0.900000
168 121 7 92 0.600000
105 143 3 80 0.700000
30 196 2 110 0.700000
776 52 178 2 101 0.900000 1
55 133 6 90 0.500000
64 192 1 106 1.000000
63 123 3 105 0.800000
82 193 2 104 1.000000
777 166 132 6 115 0.500000 1
114 127 3 137 0.800000
101 146 6 118 0.600000
88 115 2 105 1.000000
64 182 3 100 1.000000
778 79 173 2 80 0.900000 1
221 234 7 76 1.000000
60 217 7 48 0.700000
29 189 2 130 0.800000
93 163 2 68 0.800000
779 4 211 2 62 0.300000 0
780 50 219 4 49 0.400000 0
781 45 39 1 52 0.700000 0
782 3 149 2 61 0.300000 0
783 160 113 8 104 0.400000 0
784 156 103 7 127 0.500000 0
785 118 137 7 145 0.400000 0
786 138 190 1 157 0.700000 0
787 149 190 1 157 1.000000 0
788 157 187 1 95 1.000000 0
789 142 134 2 58 0.500000 0
790 45 75 3 84 0.400000 0
791 52 81 2 110 0.900000 1
35 185 2 66 0.500000
185 160 2 152 0.400000
41 140 2 74 0.500000
29 236 1 150 0.500000
792 205 191 4 123 0.600000 0
793 157 26 7 122 0.800000 0
794 9 155 7 126 0.400000 0
795 165 11 7 120 1.000000 0
796 223 185 1 199 0.600000 0
797 120 217 4 207 0.400000 0
798 233 189 1 139 1.000000 1
196 237 2 199 0.900000
241 190 1 148 0.800000
237 194 1 148 0.800000
244 193 1 62 0.700000
799 99 154 5 65 0.600000 1
230 212 5 65 1.000000
66 230 6 51 0.400000
114 179 6 62 0.700000
239 53 1 83 0.300000
800 192 238 1 130 1.000000 0
801 0 30 2 79 0.800000 1
74 169 6 78 0.300000
8 35 2 60 0.800000
93 245 6 115 0.900000
10 223 3 61 0.400000
802 12 142 2 156 0.500000 0
803 11 56 3 163 0.500000 0
804 191 140 4 94 0.900000 1
126 100 6 119 1.000000
206 71 1 71 0.900000
181 88 5 143 0.900000
188 129 6 45 1.000000
805 43 121 2 58 0.800000 1
104 40 4 40 1.000000
125 131 5 84 1.000000
112 206 8 49 0.300000
147 167 5 60 0.400000
806 56 46 8 70 0.900000 1
1 230 5 70 0.800000
118 87 7 89 0.700000
94 238 8 61 0.800000
69 157 3 62 0.400000
807 167 129 4 72 0.800000 1
82 158 8 61 0.700000
69 166 5 92 0.900000
64 53 5 65 0.800000
208 243 8 70 1.000000
808 180 50 4 82 0.400000 1
77 192 6 101 0.800000
118 95 6 83 1.000000
106 144 2 68 0.400000
86 199 4 76 0.600000
809 182 180 2 121 0.300000 1
181 221 3 114 0.300000
221 243 3 127 1.000000
57 187 4 105 0.600000
125 96 2 136 0.400000
810 90 121 4 101 1.000000 1
79 169 6 101 1.000000
70 231 1 93 1.000000
139 126 5 99 1.000000
80 170 2 109 1.000000
811 162 169 2 61 1.000000 0
812 196 35 3 52 0.800000 0
813 234 113 8 56 0.700000 0
814 59 104 4 68 0.400000 0
815 119 198 1 113 0.600000 0
816 237 149 1 133 0.900000 0
817 80 38 5 140 0.400000 0
818 140 197 1 161 0.600000 0
819 150 199 8 185 0.500000 0
820 151 199 1 201 0.500000 0
821 164 197 1 146 1.000000 1
165 198 1 151 1.000000
115 135 2 58 1.000000
220 9 1 211 0.500000
167 200 8 163 1.000000
822 204 199 4 69 0.600000 0
823 199 60 4 112 0.500000 0
824 223 125 7 143 0.800000 0
825 112 167 5 134 0.400000 0
826 163 227 5 116 0.900000 0
827 181 213 3 115 0.400000 1
112 178 2 113 0.800000
29 169 1 94 0.500000
192 168 1 125 1.000000
218 199 1 126 0.700000
828 192 157 1 204 0.600000 0
829 226 197 1 156 1.000000 1
52 65 5 206 0.500000
241 190 5 146 0.900000
3 27 1 190 0.900000
171 109 2 80 1.000000
830 108 234 5 80 0.600000 0
831 131 190 5 92 0.700000 0
832 24 238 3 100 0.900000 0
833 8 145 3 106 1.000000 0
834 12 122 1 159 0.700000 0
835 11 78 3 166 0.600000 0
836 29 211 2 77 1.000000 1
183 230 1 115 0.800000
121 36 6 40 0.900000
52 129 3 107 0.900000
247 203 1 45 0.500000
837 44 212 1 52 0.400000 0
838 180 141 3 66 0.700000 1
194 241 8 46 0.900000
104 167 4 82 1.000000
208 56 3 57 0.500000
181 211 4 81 1.000000
839 54 214 3 56 0.900000 1
203 234 4 48 0.500000
82 195 1 64 0.800000
67 110 1 54 0.500000
104 49 2 57 0.900000
840 98 80 6 77 0.800000 1
74 191 1 79 0.500000
94 239 6 82 0.800000
73 182 3 61 0.400000
78 118 3 87 0.500000
841 142 129 1 105 0.600000 1
112 90 6 94 0.800000
158 132 5 118 0.500000
186 227 7 92 0.600000
26 238 3 116 1.000000
842 8 200 4 103 0.800000 1
64 107 4 137 0.400000
200 83 3 83 0.600000
218 229 2 129 0.900000
102 154 2 64 1.000000
843 205 56 2 78 0.800000 1
179 123 4 95 1.000000
8 34 1 48 0.500000
205 57 2 111 0.800000
62 106 2 58 0.400000
844 182 120 1 53 0.300000 0
845 153 13 2 55 1.000000 0
846 55 80 4 85 0.700000 1
25 178 4 97 1.000000
0 217 4 67 0.500000
101 89 8 102 0.500000
198 52 6 74 0.900000
847 11 164 1 115 0.500000 0
848 87 34 2 136 0.400000 0
849 45 33 2 141 0.500000 0
850 160 211 1 155 0.500000 0
851 149 206 1 173 0.500000 0
852 150 207 1 193 0.600000 0
853 149 213 1 211 0.400000 0
854 157 188 8 105 1.000000 1
163 195 8 120 1.000000
93 170 2 54 1.000000
172 209 1 203 0.900000
49 123 3 44 0.900000
855 182 203 1 117 1.000000 0
856 85 3 7 144 0.800000 0
857 198 214 6 137 0.500000 0
858 148 1 2 128 0.700000 0
859 237 41 5 168 0.700000 0
860 116 227 4 210 0.600000 0
861 229 206 1 109 0.900000 0
862 233 239 1 102 0.400000 0
863 146 104 1 98 0.500000 0
864 27 213 4 79 1.000000 0
865 8 144 4 111 1.000000 0
866 12 145 1 157 0.600000 0
867 19 56 2 167 0.400000 0
868 205 57 2 72 0.500000 1
223 181 4 90 0.900000
130 114 5 54 0.600000
87 209 1 98 0.900000
232 242 4 47 0.400000
869 84 224 4 48 0.300000 0
870 4 238 4 69 0.600000 1
194 88 8 82 0.600000
172 118 1 70 1.000000
180 162 1 60 0.600000
56 89 3 62 0.300000
871 71 228 2 52 0.300000 0
872 54 49 1 59 0.500000 1
58 242 1 50 0.300000
52 155 1 68 0.600000
46 155 3 51 0.500000
50 209 1 67 0.800000
873 217 17 3 103 0.500000 1
85 160 6 98 0.500000
154 133 3 115 0.700000
228 214 3 70 0.700000
92 91 3 130 1.000000
874 151 125 6 112 0.700000 1
68 166 2 126 0.700000
59 191 3 133 1.000000
77 219 2 101 1.000000
132 86 3 87 1.000000
875 179 111 8 80 0.800000 1
166 129 6 92 1.000000
79 207 4 56 0.400000
53 186 8 88 1.000000
59 60 6 84 0.900000
876 84 174 7 62 0.700000 0
877 63 68 3 70 1.000000 0
878 12 216 3 101 0.600000 0
879 12 130 2 122 0.400000 0
880 235 119 8 137 0.400000 0
881 163 231 1 138 0.300000 0
882 159 209 1 150 0.500000 0
883 150 215 1 166 0.500000 0
884 155 214 1 189 0.500000 0
885 163 214 1 207 0.400000 0
886 169 209 1 166 1.000000 0
887 183 210 1 127 1.000000 0
888 189 208 1 142 0.600000 0
889 34 51 4 136 0.300000 0
890 206 62 4 136 0.400000 0
891 221 109 6 210 0.800000 0
892 218 73 4 180 0.900000 0
893 140 142 2 99 0.300000 0
894 98 216 4 99 0.300000 0
895 87 39 4 96 0.900000 0
896 29 218 4 69 1.000000 0
897 9 156 3 122 1.000000 0
898 12 137 1 154 0.700000 0
899 11 52 4 167 0.500000 0
900 27 235 2 76 0.800000 1
181 212 3 102 1.000000
90 202 3 47 0.700000
87 207 2 109 0.800000
5 191 4 48 0.600000
901 187 116 5 52 0.800000 0
902 171 65 5 56 0.300000 0
903 36 226 3 52 0.900000 0
904 38 201 1 63 0.800000 1
88 107 4 55 0.600000
75 234 4 71 0.900000
62 51 4 58 0.800000
173 116 4 68 1.000000
905 183 79 3 87 0.600000 1
28 193 3 84 0.800000
44 148 6 117 0.400000
62 110 4 80 0.700000
115 109 7 68 0.700000
906 74 161 2 95 0.500000 1
157 128 6 102 0.500000
85 217 7 88 1.000000
45 177 1 76 1.000000
57 133 3 115 0.500000
907 209 56 1 53 1.000000 1
202 85 2 55 0.800000
39 179 1 56 0.500000
193 96 1 54 0.900000
44 175 4 47 0.500000
908 81 231 5 51 0.300000 0
909 160 150 4 97 0.600000 0
910 178 83 5 99 0.600000 0
911 120 219 1 134 0.800000 0
912 122 227 3 140 0.800000 0
913 185 24 6 137 0.300000 0
914 49 5 1 145 0.500000 0
915 160 233 1 159 0.400000 0
916 159 226 1 180 0.600000 0
917 159 220 1 202 0.400000 0
918 169 222 1 207 0.600000 0
919 183 219 1 121 0.800000 1
165 112 3 122 1.000000
121 193 7 140 0.700000
225 23 1 132 0.700000
62 77 5 89 1.000000
920 162 0 8 130 1.000000 0
921 194 217 1 137 0.500000 0
922 193 10 8 140 1.000000 0
923 173 35 3 191 0.800000 0
924 222 217 1 141 0.800000 0
925 102 52 8 91 0.400000 0
926 4 11 8 95 1.000000 0
927 185 32 3 90 0.300000 0
928 198 227 2 74 0.700000 1
71 94 7 36 0.300000
0 213 1 86 0.900000
66 103 8 75 0.400000
2 235 1 101 0.700000
929 161 107 1 141 0.700000 0
930 11 167 1 149 0.900000 0
931 20 220 2 168 0.400000 0
932 23 5 1 75 1.000000 1
155 161 2 97 0.900000
181 202 4 56 0.600000
60 150 1 99 0.900000
177 149 3 46 0.500000
933 94 10 7 50 0.700000 0
934 139 173 7 55 0.300000 0
935 61 71 1 53 0.300000 0
936 231 18 6 57 0.800000 1
87 223 4 55 0.700000
92 161 3 68 0.500000
96 57 7 49 0.400000
58 164 4 54 0.700000
937 102 132 2 102 0.600000 1
101 142 2 119 0.500000
166 97 7 86 0.600000
120 127 3 79 0.700000
45 164 3 124 1.000000
938 180 180 4 73 0.600000 1
81 141 7 87 0.900000
169 131 5 56 0.600000
34 180 6 103 0.900000
83 87 8 46 0.700000
939 125 54 7 44 0.500000 0
940 63 73 3 62 0.900000 0
941 163 202 2 105 0.500000 0
942 184 39 2 103 0.800000 0
943 231 157 1 137 0.400000 0
944 12 0 2 141 0.400000 0
945 124 61 5 138 0.300000 0
946 138 214 1 140 0.400000 0
947 158 222 1 152 0.400000 0
948 154 229 1 169 0.600000 0
949 162 214 1 195 0.700000 0
950 143 217 1 211 0.400000 0
951 183 233 1 126 1.000000 0
952 196 194 1 88 0.900000 0
953 194 228 1 68 0.700000 0
954 198 49 3 147 0.700000 1
1 33 6 131 0.800000
1 238 5 159 0.700000
1 218 2 110 1.000000
125 83 5 186 0.600000
955 220 202 1 185 0.700000 1
11 158 1 179 0.700000
229 204 1 206 0.400000
188 223 6 196 0.800000
218 233 1 158 0.800000
956 222 227 1 82 0.600000 0
957 231 239 1 89 0.600000 0
958 143 98 1 92 0.900000 0
959 158 1 3 76 0.900000 0
960 157 153 3 93 0.500000 0
961 15 236 3 151 1.000000 0
962 10 70 2 148 1.000000 0
963 165 45 4 168 1.000000 0
964 205 210 4 64 0.800000 0
965 53 234 1 51 0.300000 0
966 186 141 1 57 0.300000 0
967 143 163 6 70 0.700000 1
9 199 3 64 0.600000
124 20 8 60 0.700000
10 203 2 63 0.600000
60 127 2 94 0.500000
968 57 44 3 60 0.900000 1
79 235 3 60 0.700000
61 114 2 62 1.000000
87 202 3 61 0.900000
185 88 7 57 0.800000
969 60 148 3 86 0.800000 1
107 104 1 64 0.700000
60 148 3 97 1.000000
76 189 8 78 0.700000
128 121 6 105 0.800000
970 166 133 2 64 0.700000 1
84 163 6 85 0.900000
129 142 2 44 1.000000
194 84 3 82 0.700000
45 219 6 47 0.400000
971 69 78 3 44 0.300000 0
972 108 216 5 78 0.900000 1
66 80 3 76 1.000000
3 207 7 95 0.800000
30 178 8 63 0.600000
184 92 1 79 0.700000
973 110 228 5 95 1.000000 0
974 71 54 2 128 0.500000 0
975 210 156 3 137 0.700000 0
976 65 5 6 140 0.800000 0
977 203 177 7 143 0.700000 0
978 85 81 5 140 0.300000 0
979 154 237 1 145 0.400000 0
980 148 221 1 161 0.600000 0
981 162 237 1 184 0.600000 0
982 170 233 1 205 0.500000 0
983 180 239 1 160 1.000000 0
984 128 177 8 100 0.400000 0
985 109 154 6 92 0.800000 0
986 163 115 3 141 0.700000 1
0 214 2 117 0.800000
164 115 2 201 0.800000
213 29 1 115 1.000000
223 228 5 132 0.800000
987 221 228 5 94 0.900000 0
988 110 177 2 81 0.600000 0
989 81 105 5 82 0.400000 0
990 203 1 3 101 0.300000 0
991 226 216 1 68 0.300000 0
992 185 122 4 60 0.700000 0
993 17 224 2 178 1.000000 1
168 140 3 176 1.000000
2 198 8 166 1.000000
184 216 2 185 0.600000
14 194 3 186 0.400000
994 10 176 1 149 0.800000 0
995 19 178 1 164 0.800000 0
996 4 122 3 52 0.300000 0
997 135 173 5 59 0.400000 0
998 51 53 1 70 0.800000 1
109 105 1 60 0.800000
56 68 1 72 0.700000
31 185 2 63 0.500000
55 188 3 85 0.800000
999 180 156 2 71 0.600000 1
8 157 1 50 0.400000
189 158 2 99 0.700000
115 220 2 62 0.500000
182 185 4 76 0.600000
1000 179 86 7 77 0.600000 1
186 87 7 65 0.800000
177 109 4 76 0.800000
197 84 2 88 0.600000
182 142 2 80 0.600000
1001 103 224 2 68 0.500000 1
36 179 3 71 1.000000
56 139 2 76 1.000000
66 229 1 61 0.600000
126 136 8 63 0.700000
1002 182 93 2 70 0.500000 1
113 83 5 82 0.800000
135 71 2 43 0.700000
48 140 6 81 0.700000
188 95 7 74 0.500000
1003 114 178 2 73 0.800000 0
1004 120 176 2 113 0.300000 0
1005 37 76 2 125 0.700000 0
1006 209 148 3 129 0.500000 0
1007 61 3 1 134 0.600000 0
1008 87 1 6 139 0.800000 0
1009 222 114 3 144 0.400000 0
1010 103 1 4 146 0.700000 0
1011 181 3 3 147 0.900000 0
1012 46 0 2 158 0.600000 0
1013 160 221 1 175 0.500000 0
1014 164 238 1 197 0.500000 0
1015 168 212 1 188 0.800000 0
1016 117 155 1 95 0.900000 0
1017 117 136 5 117 0.400000 0
1018 140 198 6 115 0.700000 0
1019 135 139 1 99 0.800000 0
1020 140 189 4 84 0.400000 0
1021 184 41 2 99 0.500000 0
1022 112 174 3 86 1.000000 0
1023 232 132 1 63 0.800000 0
